No information provided. Running Orion 3.0 basic mode
INSTSinbuffer: 9845
INSTSoutbuffer: 1725
 INSTScrossbar: 3200
 INSTSswvc: 3960
 INSTSclkctrl: 310
Pleakage: 0.530506
Pinternal: 12.4374
Pswitching: 7.44149
Ptotal: 20.4094
INSTSinbuffer: 9845
INSTSoutbuffer: 1725
 INSTScrossbar: 3200
 INSTSswvc: 3960
 INSTSclkctrl: 310
 Ainbuffer: 46074.6
Aoutbuffer: 8073
 Acrossbar: 11520
 Aswvc: 7761.6
 Aclkctrl: 558
Atotal: 73987.2
